H 1 1.07 1.000006791     -0.001399043418    1.437184878e-006   -1.128643367e-009    4.876640879e-013   -1.831349718e-017
C 6 1.74 6.000062212       -0.0066365846    7.135734042e-006   -6.580529796e-009    4.569243656e-012   -1.631244464e-015
CH 7 2.0 7.000069003     -0.008035628018    8.572918921e-006   -7.709173163e-009    5.056907744e-012   -1.649557961e-015
CH2 8 2.0 8.000075793     -0.009434671435     1.00101038e-005    -8.83781653e-009    5.544571832e-012   -1.667871458e-015
CH3 9 2.0 9.000082584      -0.01083371485    1.144728868e-005   -9.966459897e-009     6.03223592e-012   -1.686184955e-015
O 8 1.50 8.000044533     -0.005251900608    3.296054096e-006   -2.250242876e-009    1.708324833e-012    -7.91620891e-016
OH 9 1.70 9.000051324     -0.006650944025    4.733238974e-006   -3.378886243e-009    2.195988921e-012   -8.099343882e-016
OH2 10 1.5 10.00005811     -0.008049987443    6.170423852e-006    -4.50752961e-009    2.683653009e-012   -8.282478853e-016
N 7 1.50 6.999972581     -0.005841263401    4.507889491e-006   -2.751502699e-009    8.939541385e-013    5.249484302e-017
NH 8 1.65 7.999979372     -0.007240306819    5.945074369e-006   -3.880146066e-009    1.381618226e-012    3.418134584e-017
NH2 9 1.75  8.999986163     -0.008639350237    7.382259248e-006   -5.008789433e-009    1.869282314e-012    1.586784867e-017
NH3 10 1.8 9.999992954      -0.01003839365    8.819444126e-006     -6.1374328e-009    2.356946402e-012   -2.445648506e-018
S 16 1.85 16.00015961      -0.01364572564    1.528570025e-005   -1.389783559e-008      8.8007289e-012   -2.676170647e-015
SH 17 2.15  17.0001664      -0.01504476906    1.672288513e-005   -1.502647896e-008    9.288392988e-012   -2.694484144e-015
FE 26 2.2 0 0 0 0 0 0