1 H 1 1.07 1.0000067910E+00 -1.3990434180E-03 1.4371848780E-06 -1.1286433670E-09 4.8766408790E-13 -1.8313497180E-17
2 C 6 1.80 6.0000622120E+00 -6.6365846000E-03 7.1357340420E-06 -6.5805297960E-09 4.5692436560E-12 -1.6312444640E-15
3 CH 7 1.70 7.0000690030E+00 -8.0356280180E-03 8.5729189210E-06 -7.7091731630E-09 5.0569077440E-12 -1.6495579610E-15
4 CH2 8 1.80 8.0000757930E+00 -9.4346714350E-03 1.0010103800E-05 -8.8378165300E-09 5.5445718320E-12 -1.6678714580E-15
5 CH3 9 1.80 9.0000825840E+00 -1.0833714850E-02 1.1447288680E-05 -9.9664598970E-09 6.0322359200E-12 -1.6861849550E-15
6 O 8 1.52 8.0000445330E+00 -5.2519006080E-03 3.2960540960E-06 -2.2502428760E-09 1.7083248330E-12 -7.9162089100E-16
7 OH 9 1.80 9.0000513240E+00 -6.6509440250E-03 4.7332389740E-06 -3.3788862430E-09 2.1959889210E-12 -8.0993438820E-16
8 OH2 10 1.5 1.0000058110E+01 -8.0499874430E-03 6.1704238520E-06 -4.5075296100E-09 2.6836530090E-12 -8.2824788530E-16
9 N 7 1.50 6.9999725810E+00 -5.8412634010E-03 4.5078894910E-06 -2.7515026990E-09 8.9395413850E-13 5.2494843020E-17
10 NH 8 1.55 7.9999793720E+00 -7.2403068190E-03 5.9450743690E-06 -3.8801460660E-09 1.3816182260E-12 3.4181345840E-17
11 NH2 9 1.80 8.9999861630E+00 -8.6393502370E-03 7.3822592480E-06 -5.0087894330E-09 1.8692823140E-12 1.5867848670E-17
12 S 16 1.85 1.6000159610E+01 -1.3645725640E-02 1.5285700250E-05 -1.3897835590E-08 8.8007289000E-12 -2.6761706470E-15
13 SH 17 2.15 1.7000166400E+01 -1.5044769060E-02 1.6722885130E-05 -1.5026478960E-08 9.2883929880E-12 -2.6944841440E-15
14 FE 26 2.2 0 0 0 0 0 0